27 10 8 183 0 0
283 10 8 1823 2 1
795 11 9 7655 2 1
1819 11 10 52488 1 0
155 10 7 335 0 1
667 10 8 4284 0 0
91 10 8 594 1 0
603 10 7 1292 2 1
347 9 6 497 2 1
251 10 8 1620 1 0
763 10 7 1634 2 1
507 9 6 725 2 1
71 9 6 104 2 1
327 10 8 2106 1 0
839 10 7 1796 2 1
167 10 8 1080 1 0
679 10 7 1454 2 1
423 9 6 605 2 1
103 10 8 669 0 0
359 10 8 2309 2 1
871 11 9 8384 2 1
1895 11 10 54675 1 0
231 10 7 497 0 1
743 10 8 4770 0 0
47 10 7 104 2 1
559 10 8 3591 1 0
303 9 6 434 2 1
111 10 8 720 0 0
623 10 7 1334 0 1
239 11 9 2309 0 1
1263 11 10 36450 0 0
751 10 8 4820 0 1
495 10 8 3180 0 0
1007 10 7 2154 0 2
31 10 8 207 0 0
543 10 7 1163 0 1
159 11 10 4617 0 0
1183 11 9 11381 0 1
671 10 8 4307 0 1
415 10 8 2667 0 0
927 10 7 1983 0 2
191 10 7 411 0 2
703 10 8 4512 0 0
447 11 9 4307 0 1
1471 11 10 42444 0 0
959 10 8 6152 0 1
127 10 8 821 0 1
639 11 9 6152 0 1
1663 11 10 47979 0 0
767 11 9 7382 0 1
1791 11 10 51669 0 0
511 11 10 14763 0 0
1023 11 10 29525 2 1
2047 12 11 88574 2 1
4095 12 12 531441 1 0
