27 15 11 156 0 0
16411 15 10 29577 0 2
8219 16 13 199989 0 0
40987 16 12 332384 0 1
24603 15 11 133016 0 1
12315 15 10 22196 0 1
28699 15 11 155160 0 0
6171 15 11 33372 1 0
22555 15 10 40649 2 1
14363 14 9 17258 2 1
1051 15 11 5691 0 2
17435 16 13 424188 0 0
50203 16 12 407117 0 1
9243 16 13 224897 0 1
42011 17 15 4599261 0 0
107547 17 14 3924572 0 1
25627 16 13 623478 0 0
58395 16 12 473547 0 2
5147 16 13 125253 0 0
37915 16 12 307472 0 1
21531 15 11 116408 0 1
13339 15 10 24041 0 3
29723 15 11 160695 0 0
3099 15 11 16763 0 1
19483 16 13 474012 0 0
52251 16 12 423725 0 1
11291 15 11 61050 0 0
27675 15 10 49875 0 2
7195 15 11 38907 0 0
23579 15 10 42494 0 1
15387 14 9 18488 0 3
1307 17 14 47750 0 1
66843 17 15 7317702 0 0
34075 16 13 828995 0 1
17691 16 12 143472 0 2
50459 16 13 1227576 0 0
9499 16 12 77042 0 1
42267 16 13 1028286 0 0
25883 15 11 139935 0 2
5403 15 10 9740 0 3
21787 15 11 117792 0 0
13595 15 11 73505 0 1
29979 16 13 729351 0 0
62747 16 12 508838 0 1
3355 15 11 18147 0 0
19739 15 10 35574 0 2
11547 16 12 93650 0 1
44315 16 13 1078110 0 0
27931 15 11 151007 0 1
7451 14 9 8954 0 3
15643 15 10 28193 0 1
32027 15 11 173151 0 0
2843 16 13 69201 0 0
35611 16 12 288788 0 1
19227 15 11 103952 0 1
11035 15 10 19889 0 3
27419 15 11 148239 0 0
6939 16 13 168845 0 1
39707 17 15 4347027 0 0
105243 17 14 3840494 0 1
23323 16 13 567426 0 0
56091 16 12 454863 0 2
15131 16 13 368136 0 0
47899 16 12 388433 0 1
31515 15 11 170382 0 2
1819 17 14 66431 0 1
67355 17 15 7373745 0 0
83739 17 15 9167358 0 0
50971 17 15 5580131 2 1
116507 18 17 57395628 1 0
247579 18 16 40655237 2 1
10011 16 13 243578 0 1
42779 17 14 1561109 0 1
108315 17 15 11857779 0 0
5915 16 13 143933 0 1
38683 17 15 4234923 0 0
104219 17 14 3803126 0 1
22299 16 13 542514 0 0
55067 16 12 446559 0 2
7963 16 12 64586 0 1
40731 16 13 990918 0 0
24347 15 11 131631 0 2
16155 16 12 131016 0 2
48923 16 13 1190208 0 0
32539 16 13 791627 0 1
65307 17 15 7149546 0 0
130843 17 14 4774667 0 1
1179 15 10 2129 2 1
17563 15 11 94959 1 0
9371 14 9 11261 2 1
3227 15 11 17456 0 1
19611 16 12 159044 0 1
52379 16 13 1274292 0 0
11419 15 11 61743 0 0
27803 15 10 50106 0 2
7323 15 11 39600 0 0
23707 15 10 42725 0 1
667 16 12 5423 0 1
33435 16 13 813429 0 0
17051 15 11 92189 0 1
8859 15 10 15968 0 3
25243 15 11 136476 0 0
4763 17 14 173867 0 1
70299 17 15 7696053 0 0
37531 16 13 913073 0 1
21147 16 12 171498 0 2
53915 16 13 1311654 0 0
12955 16 12 105068 0 1
45723 16 13 1112364 0 0
29339 15 11 158619 0 2
2715 15 11 14688 0 0
19099 15 10 34421 0 1
10907 14 9 13106 0 3
6811 15 11 36831 0 0
23195 15 10 41802 0 2
15003 16 12 121676 0 1
47771 16 13 1162188 0 0
31387 15 11 169691 0 1
1691 15 11 9153 1 0
18075 15 10 32576 2 1
9883 14 9 11876 2 1
3739 16 12 30335 0 1
36507 16 13 888165 0 0
20123 15 11 108797 0 1
11931 15 10 21504 0 2
28315 15 11 153084 0 0
7835 15 10 14123 0 1
24219 15 11 130941 0 0
91 15 10 168 0 2
16475 15 11 89076 0 0
8283 15 11 44789 0 1
24667 16 13 600129 0 0
57435 16 12 465764 0 1
10331 16 13 251370 0 0
43099 16 12 349511 0 1
26715 15 11 144434 0 1
22619 16 13 550305 0 0
55387 16 12 449156 0 1
14427 16 13 351014 2 1
47195 17 14 1722263 2 1
112731 17 15 12341241 1 0
30811 16 13 749595 0 0
1115 15 11 6039 0 0
17499 15 10 31538 0 1
5211 15 11 28182 0 0
21595 15 10 38919 0 2
13403 16 13 326106 0 0
46171 16 12 374423 0 1
29787 15 11 161042 0 1
603 15 10 1091 0 1
16987 15 11 91845 0 0
4699 15 10 8472 0 2
21083 15 11 113988 0 0
12891 15 11 69701 0 1
29275 16 13 712233 0 0
62043 16 12 503132 0 1
2651 14 9 3188 2 1
10843 15 10 19544 2 1
27227 15 11 147204 1 0
859 15 10 1553 2 1
17243 15 11 93231 1 0
9051 14 9 10877 2 1
1883 15 10 3398 2 1
18267 15 11 98766 1 0
10075 14 9 12107 2 1
3931 15 11 21263 2 1
20315 16 13 494262 1 0
53083 16 12 430475 2 1
12123 15 11 65550 0 0
8027 15 11 43407 0 0
24411 15 10 43994 0 1
8443 16 13 205443 0 0
41211 16 12 334202 0 1
24827 15 11 134228 0 1
20731 16 13 504378 0 0
53499 16 12 433847 0 1
12539 16 13 305087 2 1
45307 17 15 4960116 1 0
110843 17 14 4044857 2 1
28923 16 13 703668 0 0
6395 15 11 34583 0 1
22779 16 13 554202 0 0
55547 16 12 450455 0 1
14587 15 11 78870 0 0
30971 15 10 55815 0 2
3323 15 11 17976 0 0
19707 15 10 35517 0 2
11515 16 13 280179 0 0
44283 16 12 359114 0 1
27899 15 11 150836 0 1
15611 15 10 28136 0 1
31995 15 11 172980 0 0
763 14 9 920 2 1
8955 15 10 16142 2 1
25339 15 11 136998 1 0
2811 15 10 5070 0 2
19195 15 11 103782 0 0
11003 15 11 59495 0 1
27387 16 13 666306 0 0
60155 16 12 487823 0 1
15099 15 11 81639 0 0
31483 15 10 56738 0 1
7163 14 9 8609 2 1
15355 15 11 83025 1 0
31739 15 10 57200 2 1
2043 15 11 11057 2 1
18427 16 13 448335 1 0
51195 16 12 415166 2 1
10235 15 11 55344 0 0
6139 15 11 33201 0 0
22523 15 10 40592 0 1
8187 14 9 9839 2 1
16379 15 11 88560 1 0
32763 15 10 59045 2 1
71 15 11 396 0 0
16455 15 10 29657 0 1
4167 15 11 22539 0 0
12359 16 12 100238 2 1
45127 16 13 1097874 1 0
28743 15 11 155399 2 1
2119 14 9 2549 2 1
10311 15 11 55755 1 0
26695 15 10 48110 2 1
1095 14 9 1319 2 1
9287 15 11 50220 1 0
25671 15 10 46265 2 1
327 15 11 1778 0 1
16711 16 12 135527 0 1
49479 16 13 1203741 0 0
8519 15 11 46065 0 0
24903 15 10 44880 0 2
2375 16 12 19274 0 1
35143 16 13 854982 0 0
18759 15 11 101423 0 1
6471 17 15 708588 1 0
72007 17 14 2627681 2 1
39239 16 13 954626 2 1
55623 16 13 1353207 0 0
14663 16 12 118919 0 1
47431 16 13 1153917 0 0
9543 15 10 17201 0 1
25927 15 11 140175 0 0
5447 16 12 44186 0 1
38215 16 13 929718 0 0
21831 15 11 118031 0 1
13639 15 10 24582 0 2
30023 15 11 162318 0 0
9031 15 11 48834 0 0
25415 15 10 45803 0 1
4935 15 11 26690 0 1
21319 16 12 172895 0 1
54087 16 13 1315845 0 0
13127 15 11 70977 0 0
29511 15 10 53184 0 2
2887 15 10 5207 2 1
19271 15 11 104193 1 0
11079 14 9 13313 2 1
16551 16 12 134228 0 1
49319 16 13 1199844 0 0
8359 17 14 305087 2 1
73895 17 15 8089713 1 0
41127 16 13 1000553 2 1
57511 16 13 1399134 0 0
4263 16 12 34583 0 1
37031 16 13 900909 0 0
20647 15 11 111629 0 1
2215 15 11 11984 0 1
18599 16 12 150836 0 1
51367 16 13 1249668 0 0
10407 15 11 56271 0 0
26791 15 10 48282 0 2
11431 15 10 20603 0 1
27815 15 11 150381 0 0
7335 16 12 59495 0 1
40103 16 13 975645 0 0
23719 15 11 128237 0 1
15527 15 10 27984 0 2
31911 15 11 172524 0 0
4775 15 10 8609 2 1
21159 15 11 114399 1 0
12967 14 9 15581 2 1
10919 15 11 59040 0 0
27303 15 10 49205 0 1
6823 15 11 36896 0 1
23207 16 12 188204 0 1
55975 16 13 1361772 0 0
15015 15 11 81183 0 0
31399 15 10 56586 0 2
2983 14 9 3587 2 1
11175 15 11 60426 1 0
27559 15 10 49667 2 1
1959 15 11 10602 0 0
18343 15 10 33059 0 1
6055 15 11 32745 0 0
14247 16 12 115547 2 1
47015 16 13 1143801 1 0
30631 15 11 165605 2 1
4007 14 9 4817 2 1
12199 15 11 65961 1 0
28583 15 10 51512 2 1
103 15 11 567 1 0
16487 15 10 29714 2 1
8295 14 9 9968 2 1
2151 16 12 17456 0 1
34919 16 13 849528 0 0
18535 15 11 100211 0 1
10343 15 10 18642 0 2
26727 15 11 144498 0 0
6247 15 10 11261 0 1
22631 15 11 122355 0 0
1127 15 11 6102 0 0
17511 15 10 31559 0 1
9319 14 9 11198 0 3
5223 15 11 28245 0 0
21607 15 10 38940 0 2
13415 16 12 108797 0 1
46183 16 13 1123551 0 0
29799 15 11 161105 0 1
3175 17 15 347733 0 0
68711 17 14 2507396 0 1
35943 16 13 874436 0 1
19559 16 12 158619 0 2
52327 16 13 1273017 0 0
11367 16 12 92189 0 1
44135 16 13 1073727 0 0
27751 15 11 150033 0 2
7271 15 10 13106 0 3
23655 15 11 127890 0 0
15463 15 11 83603 0 1
31847 16 13 774792 0 0
64615 16 12 523985 0 1
1383 14 9 1664 0 3
9575 15 10 17258 0 1
25959 15 11 140346 0 0
5479 16 13 133326 0 0
38247 16 12 310163 0 1
21863 15 11 118202 0 1
13671 15 10 24639 0 2
30055 15 11 162489 0 0
3431 16 13 83502 0 0
36199 16 12 293555 0 1
19815 15 11 107130 0 2
11623 16 13 282792 0 0
44391 16 12 359985 0 2
28007 17 15 3066174 0 0
93543 17 14 3413543 0 1
60775 16 13 1478534 0 1
7527 15 11 40700 0 1
23911 16 12 193910 0 1
56679 16 13 1378890 0 0
15719 15 11 84987 0 0
32103 15 10 57854 0 3
871 17 15 95499 0 0
66407 17 14 2423318 0 1
33639 16 13 818384 0 1
17255 16 12 139935 0 2
50023 16 13 1216965 0 0
9063 16 12 73505 0 1
41831 16 13 1017675 0 0
25447 15 11 137577 0 2
4967 15 10 8954 0 3
21351 15 11 115434 0 0
13159 15 11 71147 0 1
29543 16 13 718740 0 0
62311 16 12 505301 0 1
1895 16 13 46134 0 0
34663 16 12 281099 0 1
18279 15 11 98826 0 2
10087 16 13 245424 0 0
42855 16 12 347529 0 2
26471 17 15 2898018 0 0
92007 17 14 3357491 0 1
59239 16 13 1441166 0 1
3943 17 14 143933 0 1
69479 17 15 7606251 0 0
36711 16 13 893117 0 1
12135 17 15 1328603 2 1
77671 18 17 38263752 1 0
208743 18 16 34277945 2 1
44903 17 15 4915830 0 0
28519 17 15 3122217 0 0
94055 17 14 3432224 0 1
16231 16 12 131631 0 2
48999 16 13 1192053 0 0
32615 16 13 793472 0 1
65383 17 14 2385950 0 1
130919 17 15 14332302 0 0
1255 15 11 6795 0 0
17639 15 10 31790 0 1
5351 15 11 28938 0 0
21735 15 10 39171 0 2
13543 16 13 329508 0 0
46311 16 12 375557 0 1
29927 15 11 161798 0 1
3303 14 9 3971 2 1
11495 15 11 62154 1 0
27879 15 10 50243 2 1
743 15 11 4026 0 0
17127 15 10 30867 0 2
8935 16 13 217404 0 0
41703 16 12 338189 0 1
25319 15 11 136886 0 1
4839 14 9 5816 0 3
13031 15 10 23486 0 1
29415 15 11 159030 0 0
2791 15 10 5033 0 3
19175 15 11 103671 0 0
10983 15 11 59384 0 1
27367 16 12 221936 0 1
60135 16 13 1462968 0 0
6887 16 13 167580 0 0
39655 16 12 321581 0 1
23271 15 11 125814 0 2
15079 16 13 366870 0 0
47847 16 12 388011 0 2
31463 17 15 3444525 0 0
96999 17 14 3539660 0 1
64231 16 13 1562612 0 1
1767 15 10 3188 0 1
18151 15 11 98136 0 0
5863 15 10 10569 0 2
22247 15 11 120279 0 0
14055 15 11 75992 0 1
30439 16 12 246848 0 1
63207 16 13 1537704 0 0
3815 14 9 4586 2 1
12007 15 10 21641 2 1
28391 15 11 153495 1 0
47 15 11 264 0 0
16431 15 10 29613 0 2
8239 16 13 200475 0 0
41007 16 12 332546 0 1
24623 15 11 133124 0 1
12335 15 10 22232 0 1
28719 15 11 155268 0 0
6191 15 11 33480 1 0
22575 15 10 40685 2 1
14383 14 9 17282 2 1
559 15 10 1011 0 2
16943 15 11 91605 0 0
8751 15 11 47318 0 1
25135 16 12 203837 0 1
57903 16 13 1408671 0 0
12847 15 11 69462 0 0
29231 15 10 52679 0 1
1583 16 13 38547 0 0
34351 16 12 278570 0 1
9775 16 13 237837 0 0
26159 17 14 954626 2 1
91695 17 15 10038330 1 0
58927 16 13 1433579 2 1
5679 15 11 30710 0 1
22063 16 12 178925 0 1
54831 16 13 1333935 0 0
3631 16 13 88371 0 0
36399 16 12 295178 0 1
20015 15 11 108212 0 1
11823 15 10 21309 0 2
28207 15 11 152499 0 0
4399 14 9 5288 2 1
12591 15 10 22694 2 1
28975 15 11 156654 1 0
5423 14 9 6518 2 1
13615 15 10 24539 2 1
29999 15 11 162189 1 0
3375 15 10 6086 0 1
19759 15 11 106830 0 0
23855 15 11 128973 0 0
15663 15 11 84686 2 1
32047 16 12 259889 2 1
64815 16 13 1576827 1 0
111 16 12 912 0 2
32879 16 13 799896 0 0
16495 16 13 401315 0 1
49263 17 15 5393142 0 0
114799 17 14 4189199 0 1
8303 15 11 44895 0 2
24687 16 13 600606 0 0
57455 16 12 465923 0 1
4207 15 11 22752 0 0
20591 15 10 37109 0 3
12399 16 13 301671 0 0
45167 16 12 366278 0 1
28783 15 11 155612 0 1
2159 15 10 3894 0 2
18543 15 11 100254 0 0
10351 15 11 55967 0 1
26735 16 13 650430 0 0
59503 16 12 482531 0 1
6255 14 9 7517 0 3
14447 15 11 78111 0 0
30831 15 10 55562 0 1
5231 14 9 6287 2 1
13423 15 11 72576 1 0
29807 15 10 53717 2 1
3183 15 11 17217 0 0
19567 15 10 35264 0 1
7279 15 11 39360 0 0
23663 15 10 42645 0 2
15471 16 13 376407 0 0
48239 16 12 391190 0 1
31855 15 11 172220 0 1
4719 14 9 5672 2 1
12911 15 10 23270 2 1
29295 15 11 158382 1 0
2671 15 10 4817 0 1
19055 15 11 103023 0 0
6767 15 10 12198 0 2
23151 15 11 125166 0 0
14959 15 11 80879 0 1
31343 16 13 762534 0 0
64111 16 12 519899 0 1
239 15 10 434 0 1
16623 15 11 89874 0 0
4335 15 10 7815 0 2
20719 15 11 112017 0 0
12527 15 11 67730 0 1
28911 16 12 234455 0 1
61679 16 13 1500525 0 0
2287 16 13 55668 0 0
35055 16 12 284277 0 2
18671 17 15 2044116 0 0
84207 17 14 3072857 0 1
51439 16 13 1251410 0 1
10479 15 11 56658 0 2
26863 16 12 217847 0 1
59631 16 13 1450701 0 0
6383 15 11 34515 0 0
22767 15 10 41030 0 3
14575 16 12 118202 0 1
47343 16 13 1151766 0 0
30959 15 11 167375 0 1
1263 16 13 30756 0 0
34031 16 12 275973 0 2
17647 17 15 1932012 0 0
83183 17 14 3035489 0 1
50415 16 13 1226498 0 1
9455 15 11 51122 0 3
25839 16 12 209543 0 1
58607 16 13 1425789 0 0
5359 16 13 130401 0 0
38127 16 12 309188 0 3
21743 17 14 793472 0 1
87279 17 15 9554868 0 0
54511 16 13 1326143 0 1
13551 16 13 329691 0 2
46319 17 15 5070834 0 0
111855 17 14 4081763 0 1
29935 17 15 3277220 0 1
95471 18 16 15677510 0 1
226543 18 17 111602610 0 0
62703 17 15 6864447 0 0
128239 17 14 4679634 0 2
3311 15 11 17907 0 2
19695 16 13 479160 0 0
52463 16 12 425441 0 1
11503 16 13 279869 0 1
44271 17 15 4846635 0 0
109807 17 14 4007030 0 1
27887 16 13 678450 0 0
60655 16 12 491871 0 2
7407 16 13 180225 0 0
40175 16 12 325796 0 1
23791 15 11 128624 0 1
15599 15 10 28113 0 4
31983 15 11 172911 0 0
751 15 11 4068 0 0
17135 15 10 30881 0 3
8943 16 13 217593 0 0
41711 16 12 338252 0 1
25327 15 11 136928 0 1
4847 15 11 26211 0 2
21231 16 13 516528 0 0
53999 16 12 437897 0 1
13039 16 13 317237 0 1
45807 17 15 5014791 0 0
111343 17 14 4063082 0 1
29423 16 13 715818 0 0
62191 16 12 504327 0 2
2799 14 9 3365 0 3
10991 15 11 59427 0 0
27375 15 10 49334 0 1
6895 15 11 37283 0 1
23279 16 13 566352 0 0
56047 16 12 454505 0 1
15087 15 11 81570 0 0
31471 15 10 56715 0 2
1775 14 9 2135 2 1
9967 15 11 53892 1 0
26351 15 10 47489 2 1
3823 15 11 20676 0 0
20207 15 10 36417 0 2
12015 16 13 292329 0 0
44783 16 12 363164 0 1
28399 15 11 153536 0 1
16111 15 10 29036 0 1
32495 15 11 175680 0 0
495 15 11 2684 0 1
16879 16 12 136886 0 1
49647 16 13 1207818 0 0
8687 15 11 46971 0 0
25071 15 10 45182 0 3
4591 16 13 111720 0 0
37359 16 12 302961 0 2
20975 17 15 2296350 0 0
86511 17 14 3156935 0 1
53743 16 13 1307462 0 1
12783 15 11 69114 0 2
29167 16 12 236531 0 1
61935 16 13 1506753 0 0
2543 15 10 4586 0 1
18927 15 11 102330 0 0
10735 14 9 12899 0 3
6639 15 10 11967 0 2
23023 15 11 124473 0 0
14831 15 11 80186 0 1
31215 16 12 253139 0 1
63983 16 13 1556577 0 0
1519 15 10 2741 2 1
17903 15 11 96795 1 0
9711 14 9 11669 2 1
3567 15 11 19292 0 1
19951 16 12 161798 0 1
52719 16 13 1282554 0 0
11759 15 11 63579 0 0
28143 15 10 50718 0 2
7663 15 11 41436 0 0
24047 15 10 43337 0 1
1007 15 11 5454 1 0
17391 15 10 31343 2 1
9199 14 9 11054 2 1
3055 16 13 74358 0 0
35823 16 12 290507 0 1
19439 15 11 105098 0 1
11247 15 10 20271 0 2
27631 15 11 149385 0 0
7151 15 10 12890 0 1
23535 15 11 127242 0 0
8175 14 9 9824 2 1
16367 15 10 29498 2 1
32751 15 11 177066 1 0
31 15 11 176 0 1
16415 16 12 133124 0 1
49183 16 13 1196532 0 0
8223 15 11 44463 0 0
24607 15 10 44346 0 2
4127 15 11 22320 0 0
20511 15 10 36965 0 1
6175 14 9 7421 2 1
14367 15 11 77679 1 0
30751 15 10 55418 2 1
1055 16 13 25698 0 0
33823 16 12 274287 0 2
17439 17 15 1909251 0 0
82975 17 14 3027902 0 1
50207 16 13 1221440 0 1
9247 15 11 49998 0 2
25631 16 12 207857 0 1
58399 16 13 1420731 0 0
5151 15 11 27855 0 0
21535 15 10 38810 0 3
13343 16 12 108212 0 1
46111 16 13 1121796 0 0
29727 15 11 160715 0 1
3103 15 10 5595 0 2
19487 15 11 105357 0 0
11295 15 11 61070 0 1
27679 16 12 224465 0 1
60447 16 13 1470555 0 0
7199 14 9 8651 0 3
15391 15 11 83214 0 0
31775 15 10 57263 0 1
5663 14 9 6806 2 1
13855 15 10 24971 2 1
30239 15 11 163485 1 0
3615 15 10 6518 0 1
19999 15 11 108126 0 0
7711 15 10 13899 0 2
24095 15 11 130269 0 0
15903 15 11 85982 0 1
32287 16 12 261833 0 1
65055 16 13 1582659 0 0
159 15 11 867 0 0
16543 15 10 29814 0 4
8351 16 12 67730 0 1
41119 16 13 1000350 0 0
24735 15 11 133727 0 1
4255 15 11 23010 0 2
20639 16 12 167375 0 1
53407 16 13 1299285 0 0
12447 17 15 1362744 0 0
77983 17 14 2845733 0 1
45215 16 13 1099994 0 1
28831 16 12 233805 0 2
61599 16 13 1498575 0 0
2207 16 12 17907 0 2
34975 16 13 850881 0 0
18591 16 13 452300 0 1
51359 17 14 1874192 0 1
116895 17 15 12797028 0 0
10399 15 11 56225 0 3
26783 16 13 651591 0 0
59551 16 12 482918 0 1
6303 16 12 51122 0 3
39071 16 13 950526 0 0
22687 16 13 551945 0 1
55455 17 15 6070977 0 0
120991 17 14 4415144 0 1
14495 17 15 1586943 0 0
80031 17 14 2920466 0 1
47263 16 13 1149816 0 2
30879 17 15 3380556 0 0
96415 17 14 3518337 0 2
63647 18 17 31355019 0 0
194719 18 16 31975034 0 1
129183 17 15 14142236 0 1
1183 15 10 2135 0 1
17567 15 11 94977 0 0
5279 15 10 9516 0 2
21663 15 11 117120 0 0
13471 15 11 72833 0 1
29855 16 13 726327 0 0
62623 16 12 507830 0 1
3231 16 12 26211 0 2
35999 16 13 875793 0 0
19615 16 13 477212 0 1
52383 17 14 1911560 0 1
117919 17 15 12909132 0 0
11423 15 11 61761 0 2
27807 16 13 676503 0 0
60575 16 12 491222 0 1
7327 15 11 39618 0 0
23711 15 10 42731 0 3
15519 16 13 377568 0 0
48287 16 12 391577 0 1
31903 15 11 172478 0 1
671 15 11 3636 0 0
17055 15 10 30737 0 1
4767 15 11 25779 0 0
21151 15 10 38118 0 2
12959 16 12 105098 0 1
45727 16 13 1112454 0 0
29343 15 11 158639 0 1
2719 14 9 3269 2 1
10911 15 11 58995 1 0
27295 15 10 49190 2 1
1695 15 11 9171 0 0
18079 15 10 32582 0 3
9887 16 12 80186 0 1
42655 16 13 1037718 0 0
26271 15 11 142031 0 1
5791 15 11 31314 0 2
22175 16 12 179831 0 1
54943 16 13 1336653 0 0
13983 17 15 1530900 0 0
79519 17 14 2901785 0 1
46751 16 13 1137362 0 1
30367 16 12 246261 0 2
63135 16 13 1535943 0 0
3743 14 9 4499 0 3
11935 15 11 64530 0 0
28319 15 10 51035 0 1
7839 15 11 42386 0 1
24223 16 12 196439 0 1
56991 16 13 1386477 0 0
16031 15 11 86673 0 0
32415 15 10 58416 0 2
8607 15 11 46539 0 0
24991 15 10 45038 0 1
4511 15 11 24395 0 1
20895 16 13 508356 0 0
53663 16 12 435173 0 1
12703 15 11 68682 0 0
29087 15 10 52419 0 2
2463 15 10 4442 2 1
18847 15 11 101898 1 0
10655 14 9 12803 2 1
1439 15 11 7787 0 1
17823 16 13 433620 0 0
50591 16 12 410261 0 1
9631 15 11 52074 0 0
26015 15 10 46883 0 3
5535 16 12 44895 0 2
38303 16 13 931845 0 0
21919 16 13 533264 0 1
54687 17 14 1995638 0 1
120223 17 15 13161366 0 0
13727 15 11 74217 0 2
30111 16 13 732555 0 0
62879 16 12 509906 0 1
3487 15 10 6287 0 1
19871 15 11 107433 0 0
11679 14 9 14033 0 3
7583 15 10 13668 0 2
23967 15 11 129576 0 0
15775 15 11 85289 0 1
32159 16 13 782379 0 0
64927 16 12 526514 0 1
927 15 11 5022 1 0
17311 15 10 31199 2 1
9119 14 9 10958 2 1
1951 15 11 10557 1 0
18335 15 10 33044 2 1
10143 14 9 12188 2 1
3999 16 12 32441 0 1
36767 16 13 894483 0 0
20383 15 11 110201 0 1
12191 15 10 21972 0 2
28575 15 11 154488 0 0
8095 15 10 14591 0 1
24479 15 11 132345 0 0
223 16 12 1823 2 1
32991 16 13 802629 1 0
16607 15 11 89789 2 1
24799 15 11 134076 0 0
4319 15 10 7787 0 1
20703 15 11 111933 0 0
6367 14 9 7652 2 1
14559 15 10 26240 2 1
30943 15 11 167292 1 0
5343 14 9 6422 2 1
13535 15 10 24395 2 1
29919 15 11 161757 1 0
4575 16 12 37112 0 1
37343 16 13 908496 0 0
20959 15 11 113315 0 1
12767 15 10 23010 0 2
29151 15 11 157602 0 0
2527 16 12 20504 0 1
35295 16 13 858672 0 0
43487 16 13 1057962 0 0
27103 16 13 659381 2 1
59871 17 15 6554439 1 0
125407 17 14 4576298 2 1
6623 15 11 35813 0 1
23007 16 13 559737 0 0
55775 16 12 452300 0 1
1503 15 10 2712 0 2
17887 15 11 96708 0 0
9695 15 11 52421 0 1
26079 16 13 634473 0 0
58847 16 12 477212 0 1
13791 15 11 74565 0 0
30175 15 10 54380 0 1
991 15 11 5367 0 0
17375 15 10 31314 0 2
9183 16 12 74480 0 1
41951 16 13 1020600 0 0
25567 15 11 138227 0 1
13279 15 10 23933 0 1
29663 15 11 160371 0 0
7135 15 11 38583 1 0
23519 15 10 42386 2 1
15327 14 9 18416 2 1
63 15 11 351 1 0
16447 15 10 29642 2 1
8255 14 9 9920 2 1
2111 16 12 17132 2 1
34879 16 13 848556 1 0
18495 15 11 99995 2 1
26687 15 11 144282 0 0
6207 15 10 11189 0 1
22591 15 11 122139 0 0
7231 14 9 8690 2 1
15423 15 10 27797 2 1
31807 15 11 171963 1 0
319 15 10 578 0 3
16703 15 11 90306 0 0
8511 15 11 46019 0 1
24895 16 13 605664 0 0
57663 16 12 467609 0 1
4415 16 12 35813 0 1
37183 16 13 904599 0 0
20799 15 11 112449 0 2
12607 16 12 102243 0 2
45375 16 13 1103889 0 0
28991 16 13 705308 0 1
61759 17 14 2253704 0 1
127295 17 15 13935564 0 0
2367 14 9 2846 0 3
10559 15 10 19031 0 1
26943 15 11 145665 0 0
6463 16 12 52421 0 1
39231 16 13 954423 0 0
22847 15 11 123521 0 1
14655 15 10 26412 0 2
31039 15 11 167808 0 0
1343 14 9 1616 2 1
9535 15 10 17186 2 1
25919 15 11 140130 1 0
3391 15 10 6114 0 2
19775 15 11 106914 0 0
11583 15 11 62627 0 1
27967 16 13 680400 0 0
60735 16 12 492521 0 1
15679 15 11 84771 0 0
32063 15 10 57782 0 1
831 14 9 1001 2 1
9023 15 11 48789 1 0
25407 15 10 45788 2 1
2879 15 11 15573 0 0
19263 15 10 34716 0 2
11071 16 12 89789 0 1
43839 16 13 1066527 0 0
27455 15 11 148433 0 1
15167 15 10 27335 0 1
31551 15 11 170577 0 0
4287 14 9 5153 2 1
12479 15 11 67473 1 0
28863 15 10 52016 2 1
5311 14 9 6383 2 1
13503 15 11 73008 1 0
29887 15 10 53861 2 1
3263 15 11 17649 0 0
19647 15 10 35408 0 1
7359 15 11 39792 0 0
23743 15 10 42789 0 2
15551 16 13 378351 0 0
48319 16 12 391838 0 1
31935 15 11 172652 0 1
703 16 13 17132 0 1
33471 17 14 1221440 0 1
99007 17 15 10838772 0 0
17087 16 13 415713 0 0
49855 16 12 404292 0 2
8895 16 13 216423 0 0
41663 16 12 337862 0 1
25279 15 11 136668 0 2
4799 15 10 8651 0 3
21183 15 11 114525 0 0
12991 15 11 70238 0 1
29375 16 12 238217 0 1
62143 16 13 1511811 0 0
2751 15 11 14880 0 0
19135 15 10 34485 0 2
10943 16 13 266247 0 0
43711 16 12 354470 0 1
27327 15 11 147740 0 1
6847 14 9 8228 0 3
15039 15 10 27104 0 1
31423 15 11 169884 0 0
5823 14 9 6998 2 1
14015 15 10 25259 2 1
30399 15 11 164349 1 0
3775 15 10 6806 0 1
20159 15 11 108990 0 0
7871 15 10 14187 0 2
24255 15 11 131133 0 0
16063 15 11 86846 0 1
32447 16 12 263129 0 1
65215 16 13 1586547 0 0
447 15 11 2424 0 0
16831 15 10 30333 0 2
8639 16 13 210195 0 0
41407 16 12 335786 0 1
25023 15 11 135284 0 1
12735 15 10 22952 0 1
29119 15 11 157428 0 0
2495 15 10 4499 0 3
18879 15 11 102069 0 0
10687 15 11 57782 0 1
27071 16 12 219533 0 1
59839 16 13 1455759 0 0
6591 16 13 160371 0 0
39359 16 12 319178 0 1
22975 15 11 124212 0 2
14783 16 13 359661 0 0
47551 16 12 385608 0 2
31167 17 14 1137362 0 1
96703 17 15 10586538 0 0
63935 16 13 1555403 0 1
1471 16 13 35813 0 1
34239 17 15 3748383 0 0
99775 17 14 3640946 0 1
17855 16 13 434394 0 0
50623 16 12 410519 0 3
9663 17 15 1057962 0 0
75199 17 14 2744139 0 2
42431 18 17 20903346 0 0
173503 18 16 28491143 0 1
107967 17 15 11819642 0 1
26047 16 13 633684 0 2
58815 17 14 2146268 0 1
124351 17 15 13613256 0 0
5567 16 13 135459 0 0
38335 16 12 310874 0 1
21951 15 11 118676 0 3
13759 16 13 334749 0 0
46527 16 12 377304 0 2
30143 17 14 1099994 0 1
95679 17 15 10474434 0 0
62911 16 13 1530491 0 1
3519 15 11 19031 0 1
19903 16 13 484218 0 0
52671 16 12 427127 0 1
11711 15 11 63318 0 0
28095 15 10 50631 0 4
7615 16 12 61761 0 2
40383 16 13 982443 0 0
23999 16 13 583862 0 1
56767 17 14 2071535 0 1
122303 17 15 13389057 0 0
15807 15 11 85461 0 2
32191 16 13 783153 0 0
64959 16 12 526772 0 1
959 16 12 7787 0 1
33727 16 13 820521 0 0
17343 15 11 93765 0 2
9151 16 12 74217 0 2
41919 16 13 1019811 0 0
25535 16 13 621230 0 1
58303 17 14 2127587 0 1
123839 17 15 13557213 0 0
5055 15 11 27335 0 1
21439 16 13 521586 0 0
54207 16 12 439583 0 1
13247 15 11 71622 0 0
29631 15 10 53399 0 3
3007 16 12 24395 0 1
35775 16 13 870345 0 0
19391 15 11 104837 0 1
11199 15 10 20184 0 2
27583 15 11 149124 0 0
7103 15 10 12803 0 1
23487 15 11 126981 0 0
15295 14 9 18377 0 3
6079 15 10 10958 2 1
22463 15 11 121446 1 0
14271 14 9 17147 2 1
12223 15 11 66087 0 0
28607 15 10 51554 0 1
8127 15 11 43943 0 1
24511 16 13 596322 0 0
57279 16 12 464495 0 1
16319 15 11 88230 0 0
32703 15 10 58935 0 2
127 14 9 155 2 1
8319 15 11 44982 1 0
24703 15 10 44519 2 1
2175 15 11 11766 0 0
18559 15 10 33447 0 2
10367 16 13 252234 0 0
43135 16 12 349799 0 1
26751 15 11 144626 0 1
14463 15 10 26066 0 1
30847 15 11 166770 0 0
1151 14 9 1385 0 3
9343 15 11 50517 0 0
25727 15 10 46364 0 1
5247 15 11 28373 0 1
21631 16 13 526257 0 0
54399 16 12 441140 0 1
13439 15 11 72660 0 0
29823 15 10 53745 0 2
3199 15 11 17301 0 2
19583 16 13 476433 0 0
52351 16 12 424532 0 1
11391 16 13 277142 0 1
44159 17 14 1611455 0 1
109695 17 15 12008817 0 0
27775 16 13 675723 0 0
60543 16 12 490962 0 2
7295 16 13 177498 0 0
40063 16 12 324887 0 1
23679 15 11 128018 0 1
15487 15 10 27911 0 3
31871 15 11 172305 0 0
639 16 13 15573 0 0
33407 16 12 270912 0 2
17023 17 14 621230 0 1
82559 17 15 9038142 0 0
49791 16 13 1211315 0 1
8831 15 11 47748 0 2
25215 16 12 204482 0 1
57983 16 13 1410606 0 0
4735 15 11 25605 0 0
21119 15 10 38060 0 3
12927 16 12 104837 0 1
45695 16 13 1111671 0 0
29311 15 11 158465 0 1
2687 15 10 4845 0 2
19071 15 11 103107 0 0
10879 15 11 58820 0 1
27263 16 12 221090 0 1
60031 16 13 1460430 0 0
14975 15 11 80964 0 0
31359 15 10 56513 0 1
1663 15 11 8997 0 2
18047 16 13 439065 0 0
50815 16 12 412076 0 1
9855 16 13 239774 0 1
42623 17 14 1555403 0 1
108159 17 15 11840661 0 0
26239 16 13 638355 0 0
59007 16 12 478506 0 2
5759 16 13 140130 0 0
38527 16 12 312431 0 1
22143 15 11 119714 0 1
13951 15 10 25143 0 4
30335 15 11 164001 0 0
3711 16 13 90306 0 0
36479 16 12 295823 0 3
20095 17 15 2199987 0 0
85631 17 14 3124814 0 1
52863 16 13 1286048 0 1
11903 16 13 289596 0 2
44671 17 14 1630136 0 1
110207 17 15 12064860 0 0
28287 18 17 13935564 0 0
159359 18 16 26168549 0 1
93823 17 15 10271246 0 1
61055 17 14 2228007 0 2
126591 17 15 13858473 0 0
7807 15 11 42212 0 3
24191 16 12 196178 0 1
56959 16 13 1385694 0 0
15999 17 14 583862 0 1
81535 17 15 8926038 0 0
48767 16 13 1186403 0 1
32383 16 12 262608 0 2
65151 16 13 1584984 0 0
1407 16 13 34263 0 0
34175 16 12 277142 0 1
17791 15 11 96188 0 1
9599 15 10 17301 0 2
25983 15 11 140475 0 0
5503 15 10 9920 0 1
21887 15 11 118332 0 0
7551 14 9 9074 2 1
15743 15 10 28373 2 1
32127 15 11 173691 1 0
895 15 10 1616 0 1
17279 15 11 93420 0 0
9087 14 9 10919 0 3
4991 15 10 8997 0 2
21375 15 11 115563 0 0
13183 15 11 71276 0 1
29567 16 12 239774 0 1
62335 16 13 1516482 0 0
2943 16 13 71625 0 0
35711 16 12 289596 0 2
19327 17 14 705308 0 1
84863 17 15 9290376 0 0
52095 16 13 1267367 0 1
11135 15 11 60204 0 2
27519 16 12 223166 0 1
60287 16 13 1466658 0 0
7039 15 11 38061 0 0
23423 15 10 42212 0 3
15231 16 12 123521 0 1
47999 16 13 1167723 0 0
31615 15 11 170921 0 1
1919 15 11 10382 0 1
18303 16 12 148433 0 1
51071 16 13 1242459 0 0
10111 15 11 54669 0 0
26495 15 10 47748 0 2
6015 15 11 32526 0 0
22399 15 10 40367 0 1
8063 14 9 9689 2 1
16255 15 11 87885 1 0
32639 15 10 58820 2 1
4351 15 10 7844 2 1
20735 15 11 112104 1 0
12543 14 9 15071 2 1
10495 15 11 56745 0 0
26879 15 10 48440 0 1
6399 15 11 34601 0 1
22783 16 13 554283 0 0
55551 16 12 450482 0 1
14591 15 11 78888 0 0
30975 15 10 55821 0 2
1279 16 12 10382 0 1
34047 16 13 828306 0 0
17663 15 11 95495 0 1
9471 15 10 17070 0 2
25855 15 11 139782 0 0
5375 15 10 9689 0 1
21759 15 11 117639 0 0
13567 14 9 16301 0 3
3327 15 11 17993 0 1
19711 16 13 479547 0 0
52479 16 12 425570 0 1
11519 15 11 62280 0 0
27903 15 10 50285 0 3
7423 16 12 60204 0 2
40191 16 13 977772 0 0
23807 16 13 579191 0 1
56575 17 15 6193584 0 0
122111 17 14 4456013 0 1
15615 15 11 84423 0 2
31999 16 13 778482 0 0
64767 16 12 525215 0 1
767 15 10 1385 0 3
17151 15 11 92727 0 0
8959 15 11 48440 0 1
25343 16 12 205520 0 1
58111 16 13 1413720 0 0
4863 16 13 118332 0 0
37631 16 12 305165 0 1
21247 15 11 114870 0 2
13055 16 13 317622 0 0
45823 16 12 371595 0 2
29439 17 15 3222909 0 0
94975 17 14 3465788 0 1
62207 16 13 1513364 0 1
11007 15 10 19838 0 1
27391 15 11 148086 0 0
6911 16 13 168156 0 0
39679 16 12 321773 0 1
23295 15 11 125942 0 1
15103 15 10 27219 0 2
31487 15 11 170229 0 0
1791 15 11 9689 0 1
18175 16 13 442179 0 0
50943 16 12 413114 0 1
9983 15 11 53976 0 0
26367 15 10 47517 0 4
5887 16 12 47748 0 2
38655 16 13 940404 0 0
22271 16 13 541823 0 1
55039 17 15 6025428 0 0
120575 17 14 4399961 0 1
14079 15 11 76119 0 2
30463 16 13 741114 0 0
63231 16 12 512759 0 1
3839 16 13 93420 0 0
36607 16 12 296861 0 1
20223 15 11 109334 0 3
12031 16 13 292710 0 0
44799 16 12 363291 0 2
28415 17 15 3110805 0 0
93951 17 14 3428420 0 1
61183 16 13 1488452 0 1
7935 17 14 289596 0 2
73471 17 15 8043240 0 0
40703 17 15 4456013 0 1
106239 18 17 52337097 0 0
237311 18 16 38969060 0 1
24319 16 13 591645 0 2
57087 17 15 6249627 0 0
122623 17 14 4474694 0 1
16127 16 13 392355 0 0
48895 16 12 396506 0 3
32511 17 14 1186403 0 1
98047 17 15 10733661 0 0
65279 16 13 1588097 0 1
511 15 11 2769 0 2
16895 16 13 411039 0 0
49663 16 12 402734 0 1
8703 16 13 211748 0 1
41471 17 14 1513364 0 1
107007 17 15 11714544 0 0
25087 16 13 610329 0 0
57855 16 12 469164 0 2
4607 16 13 112104 0 0
37375 16 12 303089 0 1
20991 15 11 113486 0 1
12799 15 10 23067 0 4
29183 15 11 157773 0 0
2559 16 13 62280 0 0
35327 16 12 286481 0 3
18943 17 15 2073870 0 0
84479 17 14 3082775 0 1
51711 16 13 1258022 0 1
10751 16 13 261570 0 2
43519 17 14 1588097 0 1
109055 17 15 11938743 0 0
27135 18 16 4456013 0 1
158207 18 17 77938119 0 0
92671 17 15 10145129 0 1
59903 17 14 2185968 0 2
125439 17 15 13732356 0 0
6655 15 11 35984 0 3
23039 16 12 186836 0 1
55807 16 13 1357668 0 0
14847 17 14 541823 0 1
80383 17 15 8799921 0 0
47615 16 13 1158377 0 1
31231 16 12 253266 0 2
63999 16 13 1556958 0 0
1535 15 10 2769 0 2
17919 15 11 96879 0 0
9727 15 11 52592 0 1
26111 16 12 211748 0 1
58879 16 13 1432404 0 0
5631 14 9 6767 0 5
13823 15 11 74736 0 0
30207 15 10 54437 0 1
3583 15 11 19377 0 0
19967 15 10 35984 0 3
11775 16 12 95495 0 1
44543 16 13 1083645 0 0
28159 15 11 152237 0 1
7679 15 11 41520 0 2
24063 16 12 195140 0 1
56831 16 13 1382580 0 0
15871 17 14 579191 0 1
81407 17 15 8912025 0 0
48639 16 13 1183289 0 1
32255 16 12 261570 0 2
65023 16 13 1581870 0 0
1023 15 11 5537 0 1
17407 16 13 423495 0 0
50175 16 12 406886 0 1
9215 15 11 49824 0 0
25599 15 10 46133 0 5
5119 16 12 41520 0 2
37887 16 13 921720 0 0
21503 16 13 523139 0 1
54271 17 15 5941350 0 0
119807 17 14 4371935 0 1
13311 15 11 71967 0 2
29695 16 13 722430 0 0
62463 16 12 506531 0 1
3071 16 13 74736 0 0
35839 16 12 290633 0 1
19455 15 11 105182 0 3
11263 16 13 274026 0 0
44031 16 12 357063 0 2
27647 17 15 3026727 0 0
93183 17 14 3400394 0 1
60415 16 13 1469768 0 1
7167 17 14 261570 0 2
72703 17 15 7959162 0 0
39935 17 15 4371935 0 1
105471 18 17 51958746 0 0
236543 18 16 38842943 0 1
23551 16 13 572961 0 2
56319 17 15 6165549 0 0
121855 17 14 4446668 0 1
15359 16 13 373671 0 0
48127 16 12 390278 0 3
31743 17 14 1158377 0 1
97279 17 15 10649583 0 0
64511 16 13 1569413 0 1
2047 16 13 49824 0 0
34815 16 12 282329 0 3
18431 17 15 2017818 0 0
83967 17 14 3064091 0 1
51199 16 13 1245566 0 1
10239 16 13 249114 0 2
43007 17 14 1569413 0 1
108543 17 15 11882691 0 0
26623 18 16 4371935 0 1
157695 18 17 77685885 0 0
92159 17 15 10089077 0 1
59391 17 14 2167284 0 2
124927 17 15 13676304 0 0
6143 15 11 33216 0 4
22527 16 12 182684 0 1
55295 16 13 1345212 0 0
14335 17 14 523139 0 1
79871 17 15 8743869 0 0
47103 16 13 1145921 0 1
30719 16 12 249114 0 2
63487 16 13 1544502 0 0
4095 16 12 33216 0 4
36863 16 13 896808 0 0
20479 16 13 498227 0 1
53247 17 15 5829246 0 0
118783 17 14 4334567 0 1
12287 17 15 1345212 0 0
77823 17 14 2839889 0 1
45055 16 13 1096098 0 2
28671 17 15 3138825 0 0
94207 17 14 3437760 0 2
61439 18 16 10089077 0 1
192511 18 17 94837311 0 0
126975 17 15 13900505 0 1
8191 17 15 896808 0 0
73727 17 14 2690421 0 2
40959 18 17 20178153 0 0
172031 18 16 28249412 0 1
106495 17 15 11658488 0 1
24575 16 13 597872 0 3
57343 17 14 2092550 0 1
122879 17 15 13452102 0 0
16383 17 14 597872 0 3
81919 17 15 8968068 0 0
49151 17 15 5380841 0 1
114687 18 17 56498823 0 0
245759 18 16 40356302 0 1
32767 18 16 5380841 0 1
163839 18 17 80712603 0 0
98303 17 15 10761681 0 2
65535 18 16 10761681 0 2
196607 18 17 96855123 0 0
131071 18 17 64570082 0 1
262143 18 18 387420489 0 0
